65535 255 255 255
9000 255 255 255 white
8000 224 222 216
7000 202 195 184
6000 186 174 154
5000 172 154 124
4000 170 135 83 brown
3500 185 152 90
3000 195 167 107
2500 202 185 130
2000 211 202 157
1600 222 214 163
1300 232 225 182
1000 239 235 192
700 225 228 181 yellow
400 209 215 171
200 189 204 150
100 168 198 143
50 148 191 139 green
1 172 208 165 light_green
0 216 242 254 light_blue
-20 216 242 254
-50 198 236 255
-100 185 227 255
-250 172 219 251
-500 161 210 247
-1000 150 201 240
-2000 141 193 234
-4000 132 185 227
-7000 121 178 222
-10000 113 171 216
-15000 113 171 216 dark_blue